128 1 2.53099995E-03
256 1 3.28430012E-02
512 1 0.501482010    
1024 1 9.28767776    
2048 1 94.5010986    
128 2 4.88699973E-03
256 2 2.95150019E-02
512 2 0.517740011    
1024 2 9.31870270    
2048 2 94.6891479    
128 3 4.06599976E-03
256 3 3.17739993E-02
512 3 0.521848977    
1024 3 4.89255714    
2048 3 22.6585789    
128 4 2.42599985E-03
256 4 2.65740007E-02
512 4 0.501555979    
1024 4 4.55879068    
2048 4 23.8370743    
128 5 4.99000016E-04
256 5 4.79099993E-03
512 5 2.73679979E-02
1024 5 0.157288000    
2048 5 1.25777197    
