128 1 4.02300013E-03
256 1 3.03779989E-02
512 1 0.497352034    
1024 1 9.35914898    
2048 1 93.8092270    
128 1 2.83599994E-03
256 1 3.31679992E-02
512 1 0.493882984    
1024 1 9.94982052    
2048 1 89.9725266    
128 2 4.10600007E-03
256 2 3.31129991E-02
512 2 0.475026011    
1024 2 9.30815220    
2048 2 89.9704514    
128 3 4.29600012E-03
256 3 3.38639989E-02
512 3 0.450681001    
1024 3 9.26884174    
2048 3 47.5906563    
128 4 2.65899999E-03
256 4 3.00940014E-02
512 4 0.420064986    
1024 4 9.30756760    
2048 4 47.8802719    
128 5 4.92999970E-04
256 5 4.85400017E-03
512 5 2.05660015E-02
1024 5 0.157323003    
2048 5 1.24197900    
128 1 5.16900001E-03
256 1 2.68459991E-02
512 1 0.459248006    
1024 1 9.27598000    
2048 1 94.4687195    
128 2 2.42100004E-03
256 2 2.66590007E-02
512 2 0.499963999    
1024 2 9.89409351    
2048 2 89.0934525    
128 3 2.41800002E-03
256 3 3.12930010E-02
512 3 0.440811008    
1024 3 4.43716383    
2048 3 22.5855751    
128 4 2.49799993E-03
256 4 3.43119986E-02
512 4 0.498041987    
1024 4 4.90355301    
2048 4 23.8546982    
128 5 8.05000076E-04
256 5 5.52400015E-03
512 5 2.07839999E-02
1024 5 0.159688994    
2048 5 1.25694597    
